

nu_IS_NH=[3458.893999, 672.670189, 656.226255, 598.48361, 449.19654,
		440.655286, 265.849952, 260.993549, 258.074408, 257.126063,
		252.109785, 249.382955, 247.187843, 246.055656, 244.713906,
		240.847839, 238.550729, 235.441908, 234.30043, 232.787556,
		229.306912, 224.985893, 218.161725, 217.24458, 212.287211,
		210.46047, 207.909661, 206.841984, 203.02963, 197.625049,
		196.788483, 191.650433, 186.121792, 179.879294, 178.683675,
		177.987853, 175.826935, 171.598089, 169.130176, 166.765172,
		164.593918, 162.002353, 159.156933, 145.940638, 141.527154,
		140.700852, 137.770814, 135.209984, 133.663817, 132.649749,
		128.272673, 126.935752, 124.641532, 117.929734, 115.530447,
		112.405526, 110.734917, 99.698838, 48.711739, 43.266044]
